6

0
0.000000
0.000000
0.000000
0.000000
0.000000
0.000000
0.000000
0.000000
0.000000
0.000000
0.000000
0.000000
0.000000
0.000000
0.000000
0.000000
0.000000
0.000000
0.000000
0.000000
0.000000
0.000000
0.000000
0.000000
0.000000
0.000000

1
0.535365
0.000000
0.000000
100.000000
0.000000
46.657645
0.000000
0.000000
0.000000
0.000000
12.764767
0.000000
0.000000
18.434534
0.000000
0.000000
0.000000
0.000000
0.000000
0.000000
0.000000
0.000000
0.000000
0.000000
0.000000
0.000000

2
1.115396
0.000000
0.000000
100.000000
0.000000
97.434245
0.000000
0.000000
0.000000
0.000000
34.343434
0.000000
0.000000
20.343535
0.000000
0.000000
0.000000
0.000000
0.000000
0.000000
0.734344
0.000000
1.000000
0.000000
0.000000
0.000000

3
3.435245
23.245245
15.452453
120.000000
0.000000
120.000000
0.000000
0.000000
-30.824534
-10.234343
36.634480
0.000000
0.000000
30.343434
0.000000
0.000000
0.000000
0.000000
0.000000
0.000000
1.432434
0.000000
0.000000
23.432432
-9.000000
1.000000

4
1.955045
18.101679
12.310693
150.000000
0.000000
119.721710
0.000000
0.000000
-28.827499
0.000000
0.000000
0.000000
0.000000
0.000000
-30.000000
0.000000
0.000000
20.908333
0.000000
0.000000
0.000000
0.000000
0.000000
20.667622
-7.518050
0.000000

5
3.000000
13.343434
-34.000000
120.000000
0.000000
110.000000
0.000000
18.000000
-34.241232
0.000000
30.000000
0.000000
0.000000
34.000000
-35.000000
0.000000
0.000000
22.343434
0.000000
0.000000
0.500000
0.000000
0.050000
24.565655
0.000000
0.000000

6
2.623435
15.141443
-32.434343
120.000000
30.000000
120.000000
0.000000
15.000000
-30.000000
0.000000
0.000000
0.000000
0.000000
-10.000000
-20.000000
0.000000
0.000000
23.825595
0.000000
0.000000
0.000000
0.000000
0.000000
23.385869
0.000000
0.000000
